Date,Interval,Effective GWAP,Rolling Average
05/26/2021,1,"4,665.84","7,900.75"
05/26/2021,2,"3,002.45","7,900.64"
05/26/2021,3,"2,743.53","7,900.24"
05/26/2021,4,"2,740.21","7,899.86"
05/26/2021,5,"2,502.68","7,897.67"
05/26/2021,6,"2,337.05","7,896.31"
05/26/2021,7,"2,338.83","7,892.63"
05/26/2021,8,"2,769.91","7,890.67"
05/26/2021,9,"4,675.54","7,877.59"
05/26/2021,10,"12,139.19","7,926.71"
05/26/2021,11,"12,153.71","7,975.95"
05/26/2021,12,"7,266.62","7,984.46"
05/26/2021,13,"22,802.25","8,122.44"
05/26/2021,14,"29,795.69","8,318.69"
05/26/2021,15,"32,858.47","8,540.47"
05/26/2021,16,"32,840.07","8,762.10"
05/26/2021,17,"22,316.33","8,896.02"
05/26/2021,18,"7,875.16","8,922.57"
05/26/2021,19,"21,886.19","9,052.91"
05/26/2021,20,"6,245.00","9,052.91"
05/26/2021,21,"6,245.00","9,052.91"
05/26/2021,22,"6,245.00","9,052.91"
05/26/2021,23,"6,245.00","8,973.61"
05/26/2021,24,"18,986.32","8,973.04"
05/27/2021,1,"13,634.38","9,034.62"
05/27/2021,2,"6,245.00","9,034.62"
05/27/2021,3,"3,024.56","9,007.78"
05/27/2021,4,"2,755.61","9,005.65"
05/27/2021,5,"2,741.23","8,991.07"
05/27/2021,6,"2,551.22","8,989.91"
05/27/2021,7,"2,556.26","8,991.87"
05/27/2021,8,"2,753.22","8,991.20"
05/27/2021,9,"4,680.72","8,999.61"
05/27/2021,10,"7,835.54","9,038.91"
05/27/2021,11,"6,245.00","9,051.72"
05/27/2021,12,"6,245.00","9,078.13"
05/27/2021,13,"6,245.00","9,102.55"
05/27/2021,14,"6,245.00","9,057.93"
05/27/2021,15,"6,245.00","9,046.91"
05/27/2021,16,"6,245.00","9,029.12"
05/27/2021,17,"6,245.00","9,056.18"
05/27/2021,18,"6,245.00","9,083.47"
05/27/2021,19,"6,245.00","9,097.89"
05/27/2021,20,"6,245.00","9,084.73"
05/27/2021,21,"6,245.00","9,024.13"
05/27/2021,22,"6,245.00","8,822.44"
05/27/2021,23,"13,391.66","8,827.35"
05/27/2021,24,"18,996.11","8,895.49"
05/28/2021,1,"8,010.15","8,916.23"
05/28/2021,2,"4,660.83","8,923.48"
05/28/2021,3,"3,015.33","8,921.84"
05/28/2021,4,"3,018.34","8,920.18"
05/28/2021,5,"3,005.20","8,920.23"
05/28/2021,6,"2,759.29","8,920.62"
05/28/2021,7,"2,752.15","8,921.46"
05/28/2021,8,"3,004.16","8,927.24"
05/28/2021,9,"7,777.12","8,978.04"
05/28/2021,10,"13,472.20","9,065.51"
05/28/2021,11,"6,245.00","9,085.70"
05/28/2021,12,"6,245.00","9,085.60"
05/28/2021,13,"6,245.00","8,982.73"
05/28/2021,14,"21,224.19","8,998.45"
05/28/2021,15,"34,019.18","9,179.12"
05/28/2021,16,"6,245.00","9,168.41"
05/28/2021,17,"6,245.00","9,187.39"
05/28/2021,18,"4,689.01","9,187.66"
05/28/2021,19,"6,245.00","9,045.52"
05/28/2021,20,"6,245.00","8,906.42"
05/28/2021,21,"21,242.43","8,827.78"
05/28/2021,22,"21,345.36","8,750.02"
05/28/2021,23,"30,354.97","8,889.63"
05/28/2021,24,"23,520.80","9,046.61"
05/29/2021,1,"6,245.00","9,061.35"
05/29/2021,2,"6,245.00","9,088.46"
05/29/2021,3,"6,245.00","9,117.66"
05/29/2021,4,"6,245.00","9,150.22"
05/29/2021,5,"6,245.00","9,182.85"
05/29/2021,6,"6,245.00","9,215.45"
05/29/2021,7,"4,748.52","9,235.52"
05/29/2021,8,"6,245.00","9,250.15"
05/29/2021,9,"6,245.00","9,173.85"
05/29/2021,10,"6,245.00","9,123.87"
05/29/2021,11,"6,245.00","9,052.87"
05/29/2021,12,"6,245.00","9,004.11"
05/29/2021,13,"6,245.00","8,952.44"
05/29/2021,14,"32,235.75","8,963.53"
05/29/2021,15,"32,259.97","8,968.82"
05/29/2021,16,"32,204.31","9,044.50"
05/29/2021,17,"6,245.00","9,071.43"
05/29/2021,18,"6,245.00","9,100.25"
05/29/2021,19,"6,245.00","9,085.27"
05/29/2021,20,"6,245.00","9,098.18"
05/29/2021,21,"6,245.00","9,036.02"
05/29/2021,22,"6,245.00","8,996.31"
05/29/2021,23,"33,423.71","9,246.40"
05/29/2021,24,"6,245.00","9,275.30"
05/30/2021,1,"6,245.00","9,304.47"
05/30/2021,2,"6,245.00","9,337.05"
05/30/2021,3,"6,245.00","9,369.59"
05/30/2021,4,"6,245.00","9,402.15"
05/30/2021,5,"6,245.00","9,434.78"
05/30/2021,6,"6,245.00","9,467.79"
05/30/2021,7,"4,732.38","9,488.32"
05/30/2021,8,"6,245.00","9,517.45"
05/30/2021,9,"6,245.00","9,544.50"
05/30/2021,10,"6,245.00","9,568.34"
05/30/2021,11,"6,245.00","9,550.67"
05/30/2021,12,"6,245.00","9,566.88"
05/30/2021,13,"6,245.00","9,580.07"
05/30/2021,14,"6,245.00","9,468.34"
05/30/2021,15,"6,245.00","9,324.38"
05/30/2021,16,"6,245.00","9,103.73"
05/30/2021,17,"6,245.00","9,061.84"
05/30/2021,18,"6,245.00","9,088.76"
05/30/2021,19,"6,245.00","9,101.91"
05/30/2021,20,"6,245.00","9,115.01"
05/30/2021,21,"6,245.00","9,073.12"
05/30/2021,22,"6,245.00","9,028.99"
05/30/2021,23,"6,245.00","9,014.21"
05/30/2021,24,"6,245.00","9,027.18"
05/31/2021,1,"6,245.00","9,040.34"
05/31/2021,2,"6,245.00","9,067.36"
05/31/2021,3,"4,554.89","9,082.46"
05/31/2021,4,"4,546.26","9,097.51"
05/31/2021,5,"4,539.65","9,114.48"
05/31/2021,6,"3,078.04","9,120.66"
05/31/2021,7,"3,082.11","9,126.85"
05/31/2021,8,"6,245.00","9,155.81"
05/31/2021,9,"6,245.00","9,168.89"
05/31/2021,10,"6,245.00","9,119.77"
05/31/2021,11,"6,245.00","9,070.53"
05/31/2021,12,"6,245.00","9,062.02"
05/31/2021,13,"6,245.00","8,924.04"
05/31/2021,14,"30,202.62","8,927.43"
05/31/2021,15,"23,480.25","8,849.28"
05/31/2021,16,"22,897.77","8,766.43"
05/31/2021,17,"8,734.82","8,653.25"
05/31/2021,18,"21,637.49","8,767.94"
05/31/2021,19,"32,149.76","8,853.47"
05/31/2021,20,"22,150.25","8,986.01"
05/31/2021,21,"23,072.61","9,126.24"
05/31/2021,22,"6,245.00","9,126.24"
05/31/2021,23,"6,245.00","9,126.24"
05/31/2021,24,"6,245.00","9,020.06"
06/01/2021,1,"6,245.00","8,958.48"
06/01/2021,2,"11,450.94","9,001.87"
06/01/2021,3,"6,245.00","9,028.70"
06/01/2021,4,"6,245.00","9,057.78"
06/01/2021,5,"6,245.00","9,086.98"
06/01/2021,6,"4,749.75","9,105.30"
06/01/2021,7,"4,751.10","9,123.59"
06/01/2021,8,"6,245.00","9,152.69"
06/01/2021,9,"6,245.00","9,165.72"
06/01/2021,10,"6,245.00","9,152.47"
06/01/2021,11,"8,489.42","9,171.17"
06/01/2021,12,"6,239.62","9,171.13"
06/01/2021,13,"8,076.12","9,186.39"
06/01/2021,14,"17,681.38","9,281.69"
06/01/2021,15,"18,134.88","9,380.77"
06/01/2021,16,"16,565.95","9,466.78"
06/01/2021,17,"6,212.19","9,466.51"
06/01/2021,18,"6,245.00","9,466.51"
06/01/2021,19,"6,245.00","9,466.51"
06/01/2021,20,"6,245.00","9,466.51"
06/01/2021,21,"6,245.00","9,466.51"
06/01/2021,22,"6,245.00","9,466.51"
06/01/2021,23,"6,245.00","9,406.95"
06/01/2021,24,"6,245.00","9,300.69"
06/02/2021,1,"6,245.00","9,285.98"
06/02/2021,2,"6,245.00","9,299.19"
06/02/2021,3,"6,245.00","9,326.10"
06/02/2021,4,"6,245.00","9,352.99"
06/02/2021,5,"6,245.00","9,379.99"
06/02/2021,6,"4,336.40","9,393.13"
06/02/2021,7,"4,323.39","9,406.22"
06/02/2021,8,"6,245.00","9,433.23"
06/02/2021,9,"6,245.00","9,420.46"
06/02/2021,10,"6,245.00","9,360.24"
06/02/2021,11,"6,245.00","9,360.24"
06/02/2021,12,"4,925.61","9,349.24"
06/02/2021,13,"4,855.71","9,337.66"
06/02/2021,14,"6,245.00","9,212.84"
06/02/2021,15,"6,245.00","8,981.38"
06/02/2021,16,"4,152.20","8,963.94"
06/02/2021,17,"2,810.11","8,935.32"
06/02/2021,18,"2,803.20","8,919.61"
06/02/2021,19,"4,755.42","8,907.19"
06/02/2021,20,"11,085.78","8,947.53"
06/02/2021,21,"11,090.08","8,862.93"
06/02/2021,22,"4,789.08","8,724.96"
06/02/2021,23,"4,771.75","8,511.77"
06/02/2021,24,"3,083.26","8,341.45"
06/03/2021,1,"2,695.66","8,311.88"
06/03/2021,2,"2,667.84","8,282.07"
06/03/2021,3,"2,428.79","8,250.26"
06/03/2021,4,"2,355.72","8,217.85"
06/03/2021,5,"2,352.48","8,185.42"
06/03/2021,6,"2,349.94","8,152.96"
06/03/2021,7,"2,419.72","8,133.55"
06/03/2021,8,"2,980.43","8,106.35"
06/03/2021,9,"7,114.62","8,113.59"
06/03/2021,10,"12,144.86","8,162.76"
06/03/2021,11,"14,430.19","8,230.97"
06/03/2021,12,"12,096.23","8,279.73"
06/03/2021,13,"8,837.33","8,301.33"
06/03/2021,14,"11,490.54","8,128.45"
06/03/2021,15,"11,303.10","7,953.81"
06/03/2021,16,"11,479.12","7,781.10"
06/03/2021,17,"4,143.96","7,763.60"
06/03/2021,18,"2,688.30","7,733.96"
06/03/2021,19,"7,830.07","7,747.17"
06/03/2021,20,"8,488.03","7,765.86"
06/03/2021,21,"8,161.51","7,781.83"
06/03/2021,22,"8,049.13","7,796.86"
06/03/2021,23,"7,991.39","7,584.93"
06/03/2021,24,"2,852.19","7,556.65"
06/04/2021,1,"2,842.42","7,528.30"
06/04/2021,2,"2,671.70","7,498.52"
06/04/2021,3,"2,565.44","7,467.86"
06/04/2021,4,"2,548.82","7,437.06"
06/04/2021,5,"2,535.04","7,406.14"
06/04/2021,6,"2,527.68","7,375.16"
06/04/2021,7,"2,530.10","7,356.81"
06/04/2021,8,"2,677.85","7,327.08"
06/04/2021,9,"4,583.36","7,313.24"
06/04/2021,10,"12,129.39","7,362.27"
06/04/2021,11,"15,663.66","7,440.76"
06/04/2021,12,"11,665.20","7,485.93"
06/04/2021,13,"17,333.95","7,578.34"
06/04/2021,14,"22,190.87","7,711.22"
06/04/2021,15,"30,784.93","7,915.72"
06/04/2021,16,"21,166.03","8,040.06"
06/04/2021,17,"4,006.71","8,021.41"
06/04/2021,18,"3,453.76","7,998.15"
06/04/2021,19,"11,219.86","8,039.61"
06/04/2021,20,"11,224.75","8,081.10"
06/04/2021,21,"11,342.61","8,123.58"
06/04/2021,22,"11,321.79","8,165.89"
06/04/2021,23,"8,048.72","8,180.92"
06/04/2021,24,"4,537.54","8,166.69"
06/05/2021,1,"3,464.01","8,143.52"
06/05/2021,2,"2,845.24","8,115.19"
06/05/2021,3,"2,782.91","8,100.42"
06/05/2021,4,"2,747.45","8,085.43"
06/05/2021,5,"2,613.07","8,069.38"
06/05/2021,6,"2,280.77","8,062.73"
06/05/2021,7,"2,578.32","8,058.53"
06/05/2021,8,"2,593.05","8,028.10"
06/05/2021,9,"2,959.78","8,000.72"
06/05/2021,10,"3,670.17","7,979.27"
06/05/2021,11,"4,392.47","7,963.83"
06/05/2021,12,"2,857.49","7,935.60"
06/05/2021,13,"2,855.48","7,907.35"
06/05/2021,14,"4,407.74","7,692.40"
06/05/2021,15,"4,410.65","7,533.48"
06/05/2021,16,"4,412.86","7,379.44"
06/05/2021,17,"4,386.78","7,343.21"
06/05/2021,18,"2,843.76","7,186.59"
06/05/2021,19,"4,535.26","6,956.47"
06/05/2021,20,"4,535.42","6,809.68"
06/05/2021,21,"7,596.29","6,680.71"
06/05/2021,22,"11,203.13","6,722.03"
06/05/2021,23,"4,546.34","6,707.88"
06/05/2021,24,"4,527.89","6,693.57"
06/06/2021,1,"4,052.00","6,675.29"
06/06/2021,2,"2,776.66","6,603.01"
06/06/2021,3,"2,749.52","6,573.88"
06/06/2021,4,"2,567.06","6,543.23"
06/06/2021,5,"2,469.16","6,511.76"
06/06/2021,6,"2,319.82","6,491.51"
06/06/2021,7,"2,315.08","6,471.21"
06/06/2021,8,"2,350.35","6,438.76"
06/06/2021,9,"2,420.23","6,406.88"
06/06/2021,10,"2,267.52","6,373.74"
06/06/2021,11,"3,750.10","6,334.24"
06/06/2021,12,"3,872.87","6,314.52"
06/06/2021,13,"3,888.16","6,279.62"
06/06/2021,14,"8,345.27","6,201.82"
06/06/2021,15,"6,127.08","6,101.76"
06/06/2021,16,"2,667.58","5,985.94"
06/06/2021,17,"2,328.89","5,953.57"
06/06/2021,18,"2,652.80","5,923.64"
06/06/2021,19,"4,545.43","5,909.48"
06/06/2021,20,"8,307.83","5,926.67"
06/06/2021,21,"8,560.38","5,945.96"
06/06/2021,22,"8,351.22","5,963.51"
06/06/2021,23,"7,082.24","5,970.49"
06/06/2021,24,"4,037.56","5,952.10"
06/07/2021,1,"2,769.51","5,923.13"
06/07/2021,2,"2,528.60","5,892.16"
06/07/2021,3,"2,518.27","5,861.11"
06/07/2021,4,"2,512.94","5,830.01"
06/07/2021,5,"2,506.61","5,798.85"
06/07/2021,6,"2,518.21","5,783.70"
06/07/2021,7,"2,411.14","5,767.77"
06/07/2021,8,"2,843.95","5,739.42"
06/07/2021,9,"4,530.38","5,725.14"
06/07/2021,10,"11,477.15","5,768.74"
06/07/2021,11,"12,067.05","5,817.25"
06/07/2021,12,"8,882.67","5,850.23"
06/07/2021,13,"11,414.73","5,904.89"
06/07/2021,14,"19,897.82","6,018.66"
06/07/2021,15,"16,882.57","6,107.31"
06/07/2021,16,"11,698.87","6,170.20"
06/07/2021,17,"4,417.15","6,183.59"
06/07/2021,18,"2,832.10","6,183.83"
06/07/2021,19,"4,403.81","6,180.90"
06/07/2021,20,"4,522.57","6,126.21"
06/07/2021,21,"8,019.48","6,100.62"
06/07/2021,22,"7,817.14","6,125.85"
06/07/2021,23,"3,432.99","6,114.70"
06/07/2021,24,"2,829.88","6,112.58"
06/08/2021,1,"2,669.54","6,112.37"
06/08/2021,2,"2,568.97","6,111.54"
06/08/2021,3,"2,545.31","6,112.51"
06/08/2021,4,"2,542.74","6,114.07"
06/08/2021,5,"2,474.34","6,115.09"
06/08/2021,6,"2,468.33","6,116.07"
06/08/2021,7,"2,448.24","6,116.31"
06/08/2021,8,"2,612.19","6,113.24"
06/08/2021,9,"4,516.45","6,091.59"
06/08/2021,10,"8,523.91","6,061.42"
06/08/2021,11,"9,672.33","6,021.77"
06/08/2021,12,"4,533.93","5,958.75"
06/08/2021,13,"4,525.69","5,922.82"
06/08/2021,14,"9,706.45","5,907.95"
06/08/2021,15,"3,654.10","5,844.21"
06/08/2021,16,"2,693.61","5,771.00"
06/08/2021,17,"2,347.92","5,756.03"
06/08/2021,18,"2,348.15","5,753.20"
06/08/2021,19,"2,580.42","5,709.45"
06/08/2021,20,"2,580.23","5,660.22"
06/08/2021,21,"2,681.90","5,614.55"
06/08/2021,22,"2,567.45","5,568.87"
06/08/2021,23,"2,339.95","5,521.78"
06/08/2021,24,"2,309.51","5,517.25"
06/09/2021,1,"2,342.50","5,513.09"
06/09/2021,2,"2,529.18","5,511.90"
06/09/2021,3,"2,314.13","5,509.81"
06/09/2021,4,"2,307.08","5,507.79"
06/09/2021,5,"2,306.06","5,505.88"
06/09/2021,6,"2,305.72","5,504.03"
06/09/2021,7,"2,305.96","5,502.17"
06/09/2021,8,"2,339.50","5,499.35"
06/09/2021,9,"2,667.39","5,483.38"
06/09/2021,10,"2,876.71","5,406.27"
06/09/2021,11,"3,520.15","5,305.08"
06/09/2021,12,"2,678.59","5,230.19"
06/09/2021,13,"2,554.48","5,107.03"
06/09/2021,14,"2,682.57","4,944.46"
06/09/2021,15,"2,572.96","4,709.36"
06/09/2021,16,"2,558.26","4,554.29"
06/09/2021,17,"2,300.99","4,540.08"
06/09/2021,18,"2,297.73","4,530.45"
06/09/2021,19,"2,574.53","4,458.40"
06/09/2021,20,"2,331.48","4,384.29"
06/09/2021,21,"2,565.10","4,311.15"
06/09/2021,22,"2,310.86","4,236.05"
06/09/2021,23,"1,984.05","4,185.52"
06/09/2021,24,"1,978.84","4,164.19"
06/10/2021,1,"2,290.11","4,154.41"
06/10/2021,2,"2,296.67","4,149.84"
06/10/2021,3,"2,299.59","4,145.81"
06/10/2021,4,"2,225.71","4,141.46"
06/10/2021,5,"2,186.82","4,137.91"
06/10/2021,6,"2,036.53","4,135.88"
06/10/2021,7,"2,297.43","4,133.54"
06/10/2021,8,"2,166.45","4,129.98"
06/10/2021,9,"2,568.63","4,126.72"
06/10/2021,10,"2,689.51","4,118.55"
06/10/2021,11,"2,898.03","4,106.10"
06/10/2021,12,"2,892.43","4,106.39"
06/10/2021,13,"2,899.45","4,106.75"
06/10/2021,14,"13,362.95","4,181.38"
06/10/2021,15,"11,629.64","4,241.54"
06/10/2021,16,"7,858.46","4,270.25"
06/10/2021,17,"2,572.05","4,255.13"
06/10/2021,18,"2,357.15","4,251.07"
06/10/2021,19,"3,905.76","4,245.83"
06/10/2021,20,"3,159.42","4,234.36"
06/10/2021,21,"2,937.72","4,195.54"
06/10/2021,22,"2,685.27","4,124.56"
06/10/2021,23,"2,360.39","4,106.34"
06/10/2021,24,"2,304.03","4,087.81"
06/11/2021,1,"2,365.20","4,073.75"
06/11/2021,2,"2,377.62","4,070.43"
06/11/2021,3,"2,374.70","4,067.30"
06/11/2021,4,"2,313.64","4,065.19"
06/11/2021,5,"2,570.69","4,066.04"
06/11/2021,6,"2,375.09","4,066.50"
06/11/2021,7,"2,381.40","4,067.05"
06/11/2021,8,"2,569.13","4,068.87"
06/11/2021,9,"2,861.23","4,072.55"
06/11/2021,10,"9,076.37","4,129.29"
06/11/2021,11,"11,653.42","4,195.15"
06/11/2021,12,"4,554.32","4,200.83"
06/11/2021,13,"2,870.16","4,192.35"
06/11/2021,14,"2,698.90","4,145.29"
06/11/2021,15,"2,579.47","4,115.73"
06/11/2021,16,"2,295.59","4,112.63"
06/11/2021,17,"2,350.07","4,112.81"
06/11/2021,18,"2,258.50","4,109.52"
06/11/2021,19,"2,855.12","4,095.43"
06/11/2021,20,"2,728.08","4,048.94"
06/11/2021,21,"2,357.15","3,997.24"
06/11/2021,22,"2,368.55","3,947.39"
06/11/2021,23,"2,250.12","3,907.12"
06/11/2021,24,"2,260.75","3,892.31"
06/12/2021,1,"2,363.20","3,888.93"
06/12/2021,2,"2,569.70","3,889.27"
06/12/2021,3,"2,385.35","3,888.16"
06/12/2021,4,"2,307.66","3,886.45"
06/12/2021,5,"2,377.52","3,885.38"
06/12/2021,6,"2,292.61","3,883.50"
06/12/2021,7,"2,175.78","3,881.53"
06/12/2021,8,"1,869.51","3,873.41"
06/12/2021,9,"1,820.56","3,850.83"
06/12/2021,10,"1,973.62","3,771.64"
06/12/2021,11,"2,214.18","3,689.53"
06/12/2021,12,"2,037.23","3,632.48"
06/12/2021,13,"2,298.63","3,556.52"
06/12/2021,14,"2,314.75","3,409.99"
06/12/2021,15,"2,304.97","3,288.51"
06/12/2021,16,"1,983.92","3,207.55"
06/12/2021,17,"1,979.88","3,187.24"
06/12/2021,18,"2,291.40","3,182.74"
06/12/2021,19,"2,493.39","3,166.82"
06/12/2021,20,"2,871.28","3,153.05"
06/12/2021,21,"2,532.66","3,107.33"
06/12/2021,22,"2,501.93","3,063.04"
06/12/2021,23,"2,406.24","3,054.48"
06/12/2021,24,"2,309.29","3,050.14"
06/13/2021,1,"2,305.15","3,047.11"
06/13/2021,2,"2,311.36","3,044.96"
06/13/2021,3,"2,196.08","3,042.05"
06/13/2021,4,"1,984.88","3,037.40"
06/13/2021,5,"1,983.51","3,033.31"
06/13/2021,6,"1,881.00","3,028.42"
06/13/2021,7,"1,881.46","3,023.69"
06/13/2021,8,"1,986.71","3,018.48"
06/13/2021,9,"2,232.14","2,999.44"
06/13/2021,10,"2,334.76","2,947.87"
06/13/2021,11,"2,518.15","2,888.25"
06/13/2021,12,"2,380.92","2,870.31"
06/13/2021,13,"2,503.46","2,853.46"
06/13/2021,14,"2,522.92","2,793.59"
06/13/2021,15,"2,512.85","2,784.08"
06/13/2021,16,"2,379.12","2,781.46"
06/13/2021,17,"2,242.09","2,780.58"
06/13/2021,18,"2,413.23","2,781.12"
06/13/2021,19,"2,844.05","2,783.32"
06/13/2021,20,"3,116.72","2,787.79"
06/13/2021,21,"2,855.51","2,789.24"
06/13/2021,22,"2,860.09","2,791.68"
06/13/2021,23,"2,539.33","2,793.34"
06/13/2021,24,"2,378.98","2,793.92"
06/14/2021,1,"2,383.65","2,794.26"
06/14/2021,2,"2,317.21","2,792.49"
06/14/2021,3,"2,308.44","2,792.45"
06/14/2021,4,"2,223.76","2,791.75"
06/14/2021,5,"2,305.30","2,791.75"
06/14/2021,6,"2,200.32","2,790.87"
06/14/2021,7,"2,189.33","2,789.90"
06/14/2021,8,"2,364.31","2,790.10"
06/14/2021,9,"2,358.47","2,787.53"
06/14/2021,10,"2,536.11","2,784.69"
06/14/2021,11,"2,873.96","2,779.30"
06/14/2021,12,"2,565.87","2,778.36"
06/14/2021,13,"2,672.28","2,779.35"
06/14/2021,14,"2,874.83","2,780.95"
06/14/2021,15,"3,619.46","2,789.67"
06/14/2021,16,"3,095.36","2,794.15"
06/14/2021,17,"2,887.05","2,799.03"
06/14/2021,18,"2,889.66","2,803.96"
06/14/2021,19,"4,309.93","2,818.42"
06/14/2021,20,"4,329.86","2,835.08"
06/14/2021,21,"4,596.38","2,852.00"
06/14/2021,22,"4,420.75","2,869.59"
06/14/2021,23,"2,904.00","2,877.25"
06/14/2021,24,"2,878.36","2,884.75"
06/15/2021,1,"2,670.61","2,887.92"
06/15/2021,2,"2,528.61","2,889.85"
06/15/2021,3,"2,386.84","2,890.58"
06/15/2021,4,"2,474.08","2,892.65"
06/15/2021,5,"2,475.78","2,895.06"
06/15/2021,6,"2,380.92","2,897.93"
06/15/2021,7,"2,374.30","2,898.57"
06/15/2021,8,"2,672.32","2,902.78"
06/15/2021,9,"3,948.26","2,914.28"
06/15/2021,10,"4,423.51","2,928.73"
06/15/2021,11,"5,300.86","2,948.75"
06/15/2021,12,"4,745.46","2,964.20"
06/15/2021,13,"5,553.59","2,986.31"
06/15/2021,14,"6,775.78","2,931.42"
06/15/2021,15,"7,649.26","2,898.25"
06/15/2021,16,"6,125.84","2,883.81"
06/15/2021,17,"4,554.07","2,900.33"
06/15/2021,18,"2,811.11","2,904.11"
06/15/2021,19,"3,611.08","2,901.66"
06/15/2021,20,"3,622.41","2,905.51"
06/15/2021,21,"5,711.13","2,928.63"
06/15/2021,22,"5,513.77","2,952.20"
06/15/2021,23,"4,939.44","2,973.69"
06/15/2021,24,"4,942.73","2,995.68"
06/16/2021,1,"2,885.79","3,000.02"
06/16/2021,2,"2,570.73","3,001.63"
06/16/2021,3,"2,385.36","3,001.71"
06/16/2021,4,"2,482.43","3,003.12"
06/16/2021,5,"2,483.25","3,002.39"
06/16/2021,6,"2,383.36","3,002.46"
06/16/2021,7,"2,316.30","3,001.92"
06/16/2021,8,"2,577.37","3,001.99"
06/16/2021,9,"4,020.01","3,011.64"
06/16/2021,10,"4,572.91","2,974.12"
06/16/2021,11,"5,394.93","2,921.96"
06/16/2021,12,"11,889.00","2,983.08"
06/16/2021,13,"13,430.21","3,071.08"
06/16/2021,14,"22,204.04","3,233.63"
06/16/2021,15,"19,902.52","3,377.99"
06/16/2021,16,"21,762.20","3,540.21"
06/16/2021,17,"11,262.41","3,614.48"
06/16/2021,18,"3,986.86","3,628.88"
06/16/2021,19,"8,193.54","3,673.37"
06/16/2021,20,"5,073.20","3,692.91"
06/16/2021,21,"5,893.71","3,722.38"
06/16/2021,22,"16,785.07","3,842.52"
06/16/2021,23,"7,976.62","3,890.24"
06/16/2021,24,"2,895.61","3,895.53"
06/17/2021,1,"2,892.93","3,899.94"
06/17/2021,2,"2,704.77","3,901.07"
06/17/2021,3,"2,599.74","3,902.86"
06/17/2021,4,"2,588.92","3,905.20"
06/17/2021,5,"2,544.28","3,906.59"
06/17/2021,6,"2,534.72","3,908.61"
06/17/2021,7,"2,535.63","3,911.61"
06/17/2021,8,"2,688.21","3,918.43"
06/17/2021,9,"4,869.81","3,943.84"
06/17/2021,10,"4,440.06","3,964.39"
06/17/2021,11,"7,225.35","4,006.15"
06/17/2021,12,"3,758.26","4,020.49"
06/17/2021,13,"4,101.32","4,035.52"
06/17/2021,14,"11,147.20","4,109.12"
06/17/2021,15,"11,614.39","4,186.70"
06/17/2021,16,"11,634.14","4,267.12"
06/17/2021,17,"2,910.61","4,274.87"
06/17/2021,18,"3,324.53","4,283.48"
06/17/2021,19,"3,462.09","4,291.56"
06/17/2021,20,"3,592.86","4,297.57"
06/17/2021,21,"8,530.00","4,347.55"
06/17/2021,22,"8,069.85","4,393.95"
06/17/2021,23,"7,258.81","4,434.38"
06/17/2021,24,"4,570.56","4,453.23"
06/18/2021,1,"4,562.29","4,472.04"
06/18/2021,2,"2,705.42","4,475.32"
06/18/2021,3,"2,608.83","4,478.76"
06/18/2021,4,"2,697.77","4,484.70"
06/18/2021,5,"2,605.31","4,489.88"
06/18/2021,6,"2,547.66","4,495.44"
06/18/2021,7,"2,582.10","4,501.28"
06/18/2021,8,"2,687.82","4,507.12"
06/18/2021,9,"4,788.54","4,528.42"
06/18/2021,10,"3,899.15","4,541.46"
06/18/2021,11,"10,790.10","4,610.39"
06/18/2021,12,"8,358.58","4,660.21"
06/18/2021,13,"11,479.25","4,735.00"
06/18/2021,14,"12,455.02","4,817.77"
06/18/2021,15,"13,965.03","4,913.21"
06/18/2021,16,"23,657.35","5,090.53"
06/18/2021,17,"7,606.87","5,135.23"
06/18/2021,18,"2,905.83","5,139.34"
06/18/2021,19,"5,069.89","5,157.89"
06/18/2021,20,"21,446.29","5,310.63"
06/18/2021,21,"31,957.03","5,553.14"
06/18/2021,22,"32,769.44","5,802.39"
06/18/2021,23,"21,886.27","5,963.61"
06/18/2021,24,"10,441.41","6,030.80"
06/19/2021,1,"7,746.31","6,075.49"
06/19/2021,2,"7,363.66","6,117.54"
06/19/2021,3,"4,920.60","6,139.31"
06/19/2021,4,"4,287.03","6,156.51"
06/19/2021,5,"2,901.96","6,161.48"
06/19/2021,6,"2,529.64","6,164.22"
06/19/2021,7,"2,520.90","6,166.98"
06/19/2021,8,"2,841.75","6,170.96"
06/19/2021,9,"4,174.12","6,186.09"
06/19/2021,10,"3,060.03","6,190.46"
06/19/2021,11,"4,442.45","6,203.53"
06/19/2021,12,"2,993.59","6,207.09"
06/19/2021,13,"4,604.48","6,223.20"
06/19/2021,14,"11,189.95","6,292.49"
06/19/2021,15,"12,656.05","6,367.79"
06/19/2021,16,"12,058.40","6,442.49"
06/19/2021,17,"4,417.02","6,455.24"
06/19/2021,18,"4,049.51","6,464.90"
06/19/2021,19,"18,999.85","6,587.32"
06/19/2021,20,"20,943.94","6,725.77"
06/19/2021,21,"21,578.82","6,867.29"
06/19/2021,22,"30,527.49","7,084.84"
06/19/2021,23,"30,563.20","7,315.34"
06/19/2021,24,"12,533.01","7,395.79"
06/20/2021,1,"12,219.72","7,475.37"
06/20/2021,2,"4,312.38","7,490.23"
06/20/2021,3,"2,887.78","7,494.41"
06/20/2021,4,"2,881.55","7,497.80"
06/20/2021,5,"2,879.57","7,501.17"
06/20/2021,6,"2,656.21","7,503.46"
06/20/2021,7,"2,516.43","7,504.65"
06/20/2021,8,"2,704.82","7,504.92"
06/20/2021,9,"3,053.88","7,497.46"
06/20/2021,10,"3,066.55","7,486.16"
06/20/2021,11,"3,772.31","7,473.42"
06/20/2021,12,"3,718.71","7,464.86"
06/20/2021,13,"4,678.38","7,457.57"
06/20/2021,14,"4,680.47","7,440.11"
06/20/2021,15,"3,760.87","7,407.71"
06/20/2021,16,"4,666.41","7,395.54"
06/20/2021,17,"4,366.56","7,393.98"
06/20/2021,18,"4,382.84","7,407.08"
06/20/2021,19,"7,658.44","7,440.81"
06/20/2021,20,"7,844.93","7,475.99"
06/20/2021,21,"7,687.16","7,492.46"
06/20/2021,22,"8,684.15","7,518.88"
06/20/2021,23,"4,399.74","7,514.38"
06/20/2021,24,"3,467.95","7,502.09"
06/21/2021,1,"2,695.31","7,500.51"
06/21/2021,2,"2,544.08","7,500.28"
06/21/2021,3,"2,521.05","7,501.41"
06/21/2021,4,"2,506.11","7,501.61"
06/21/2021,5,"2,496.94","7,501.73"
06/21/2021,6,"2,234.63","7,500.49"
06/21/2021,7,"2,574.01","7,502.63"
06/21/2021,8,"6,916.88","7,538.80"
06/21/2021,9,"7,892.64","7,571.07"
06/21/2021,10,"12,210.61","7,634.72"
06/21/2021,11,"12,411.46","7,693.19"
06/21/2021,12,"4,658.21","7,632.93"
06/21/2021,13,"4,639.60","7,559.68"
06/21/2021,14,"10,574.61","7,462.76"
06/21/2021,15,"10,686.79","7,385.97"
06/21/2021,16,"11,075.60","7,296.91"
06/21/2021,17,"2,902.19","7,227.24"
06/21/2021,18,"2,711.81","7,216.62"
06/21/2021,19,"3,736.94","7,179.48"
06/21/2021,20,"3,625.46","7,167.41"
06/21/2021,21,"8,395.59","7,188.26"
06/21/2021,22,"7,630.47","7,111.98"
06/21/2021,23,"3,483.30","7,074.53"
06/21/2021,24,"2,900.57","7,074.57"
06/22/2021,1,"2,702.23","7,072.98"
06/22/2021,2,"2,548.15","7,071.68"
06/22/2021,3,"2,517.48","7,070.99"
06/22/2021,4,"2,511.46","7,070.35"
06/22/2021,5,"2,510.37","7,070.06"
06/22/2021,6,"2,488.14","7,069.68"
06/22/2021,7,"2,626.66","7,070.43"
06/22/2021,8,"4,300.72","7,083.87"
06/22/2021,9,"10,728.62","7,132.70"
06/22/2021,10,"12,090.39","7,196.45"
06/22/2021,11,"12,117.17","7,237.21"
06/22/2021,12,"7,939.74","7,272.06"
06/22/2021,13,"12,066.13","7,338.43"
06/22/2021,14,"12,316.69","7,348.18"
06/22/2021,15,"12,267.08","7,353.62"
06/22/2021,16,"12,399.19","7,359.99"
06/22/2021,17,"7,446.74","7,397.79"
06/22/2021,18,"4,527.86","7,407.82"
06/22/2021,19,"4,560.07","7,416.97"
06/22/2021,20,"8,042.21","7,454.05"
06/22/2021,21,"7,672.18","7,446.90"
06/22/2021,22,"4,559.26","7,417.65"
06/22/2021,23,"4,531.76","7,394.92"
06/22/2021,24,"2,892.19","7,380.93"
06/23/2021,1,"2,700.76","7,365.42"
06/23/2021,2,"2,600.17","7,364.54"
06/23/2021,3,"2,524.11","7,363.84"
06/23/2021,4,"2,531.77","7,362.46"
06/23/2021,5,"2,530.85","7,361.84"
06/23/2021,6,"2,499.87","7,361.44"
06/23/2021,7,"2,577.95","7,361.40"
06/23/2021,8,"2,679.92","7,361.34"
06/23/2021,9,"4,684.45","7,360.47"
06/23/2021,10,"7,637.59","7,391.62"
06/23/2021,11,"7,915.11","7,367.66"
06/23/2021,12,"4,624.75","7,336.55"
06/23/2021,13,"7,051.82","7,299.65"
06/23/2021,14,"12,168.41","7,297.27"
06/23/2021,15,"12,400.28","7,284.23"
06/23/2021,16,"19,070.08","7,246.00"
06/23/2021,17,"4,552.08","7,220.54"
06/23/2021,18,"4,080.48","7,230.33"
06/23/2021,19,"7,904.75","7,253.95"
06/23/2021,20,"4,527.21","7,112.96"
06/23/2021,21,"7,986.91","6,913.21"
06/23/2021,22,"8,097.57","6,707.61"
06/23/2021,23,"7,615.45","6,588.69"
06/23/2021,24,"3,404.99","6,530.05"
06/24/2021,1,"2,765.07","6,488.54"
06/24/2021,2,"2,661.86","6,449.36"
06/24/2021,3,"2,647.05","6,430.41"
06/24/2021,4,"2,648.37","6,416.76"
06/24/2021,5,"2,661.38","6,414.75"
06/24/2021,6,"2,503.27","6,414.53"
06/24/2021,7,"2,341.76","6,413.04"
06/24/2021,8,"2,745.78","6,412.24"
06/24/2021,9,"4,209.62","6,412.54"
06/24/2021,10,"4,692.58","6,426.14"
06/24/2021,11,"12,135.29","6,490.25"
06/24/2021,12,"12,123.41","6,566.33"
06/24/2021,13,"8,463.24","6,598.49"
06/24/2021,14,"20,020.43","6,672.07"
06/24/2021,15,"14,737.11","6,689.42"
06/24/2021,16,"12,240.41","6,690.93"
06/24/2021,17,"7,909.76","6,720.04"
06/24/2021,18,"7,597.46","6,749.61"
06/24/2021,19,"21,115.39","6,767.23"
06/24/2021,20,"19,126.57","6,752.09"
06/24/2021,21,"32,390.80","6,842.19"
06/24/2021,22,"21,516.50","6,767.10"
06/24/2021,23,"7,862.06","6,577.92"
06/24/2021,24,"3,424.13","6,502.01"
06/25/2021,1,2983.963822,6425.050062
06/25/2021,2,2946.539209,6413.668028
06/25/2021,3,2661.337696,6411.781037
06/25/2021,4,2641.738112,6409.782612
06/25/2021,5,2590.36806,6407.372571
06/25/2021,6,2589.939611,6406.820328
06/25/2021,7,2594.817866,6407.473557
06/25/2021,8,2961.883306,6409.615748
06/25/2021,9,7702.229699,6448.352016
06/25/2021,10,18694.31503,6578.583422
06/25/2021,11,15110.7421,6673.070382
06/25/2021,12,12309.3395,6744.658995
06/25/2021,13,8421.67538,6775.853117
06/25/2021,14,10961.94098,6828.198671
06/25/2021,15,8123.060775,6864.550301
06/25/2021,16,7623.973955,6889.19669
06/25/2021,17,4228.366292,6888.045112
06/25/2021,18,2978.525455,6876.342489
06/25/2021,19,4578.853699,6850.679269
06/25/2021,20,4582.463868,6823.492048
06/25/2021,21,13468.26947,6871.667956
06/25/2021,22,8069.676643,6866.547378
06/25/2021,23,3628.883036,6860.123532
06/25/2021,24,2975.500891,6856.019752